Name        	: Priyank Singh Bhadouriya
Roll NO.    	: 33
Subject	    	: Data Analytics
Course	    	: MCA 2

===========================================================================================================================
Display all the prob. tables of poission, hypergeometric probability distribution
===========================================================================================================================
from math import exp

def poisson_prob(lam, k):
    return (lam**k) * exp(-lam) / factorial(k)

def factorial(n):
    if n == 0:
        return 1
    else:
        return n * factorial(n-1)

print("Poison Distribution Table \n")
print("{:<2} {:<5} {:<5} {:<5} {:<5} {:<5} {:<5} {:<5} {:<5} {:<5} {:<5}".format('x', '9.1', '9.2', '9.3', '9.4', '9.5', '9.6', '9.7', '9.8', '9.9', '10.0'))

for x in range(25):
    row = [x]
    for lam in [9.1, 9.2, 9.3, 9.4, 9.5, 9.6, 9.7, 9.8, 9.9, 10.0]:
        row.append(f"{poisson_prob(lam, x):.4f}")
    print("{:<2} {:<5} {:<5} {:<5} {:<5} {:<5} {:<5} {:<5} {:<5} {:<5} {:<5}".format(*row))




===============================================================================================================================================================
Output:

Poison Distribution Table 

x  9.1   9.2   9.3   9.4   9.5   9.6   9.7   9.8   9.9   10.0 
0  0.0001 0.0001 0.0001 0.0001 0.0001 0.0001 0.0001 0.0001 0.0001 0.0000
1  0.0010 0.0009 0.0009 0.0008 0.0007 0.0007 0.0006 0.0005 0.0005 0.0005
2  0.0046 0.0043 0.0040 0.0037 0.0034 0.0031 0.0029 0.0027 0.0025 0.0023
3  0.0140 0.0131 0.0123 0.0115 0.0107 0.0100 0.0093 0.0087 0.0081 0.0076
4  0.0319 0.0302 0.0285 0.0269 0.0254 0.0240 0.0226 0.0213 0.0201 0.0189
5  0.0581 0.0555 0.0530 0.0506 0.0483 0.0460 0.0439 0.0418 0.0398 0.0378
6  0.0881 0.0851 0.0822 0.0793 0.0764 0.0736 0.0709 0.0682 0.0656 0.0631
7  0.1145 0.1118 0.1091 0.1064 0.1037 0.1010 0.0982 0.0955 0.0928 0.0901
8  0.1302 0.1286 0.1269 0.1251 0.1232 0.1212 0.1191 0.1170 0.1148 0.1126
9  0.1317 0.1315 0.1311 0.1306 0.1300 0.1293 0.1284 0.1274 0.1263 0.1251
10 0.1198 0.1210 0.1219 0.1228 0.1235 0.1241 0.1245 0.1249 0.1250 0.1251
11 0.0991 0.1012 0.1031 0.1049 0.1067 0.1083 0.1098 0.1112 0.1125 0.1137
12 0.0752 0.0776 0.0799 0.0822 0.0844 0.0866 0.0888 0.0908 0.0928 0.0948
13 0.0526 0.0549 0.0572 0.0594 0.0617 0.0640 0.0662 0.0685 0.0707 0.0729
14 0.0342 0.0361 0.0380 0.0399 0.0419 0.0439 0.0459 0.0479 0.0500 0.0521
15 0.0208 0.0221 0.0235 0.0250 0.0265 0.0281 0.0297 0.0313 0.0330 0.0347
16 0.0118 0.0127 0.0137 0.0147 0.0157 0.0168 0.0180 0.0192 0.0204 0.0217
17 0.0063 0.0069 0.0075 0.0081 0.0088 0.0095 0.0103 0.0111 0.0119 0.0128
18 0.0032 0.0035 0.0039 0.0042 0.0046 0.0051 0.0055 0.0060 0.0065 0.0071
19 0.0015 0.0017 0.0019 0.0021 0.0023 0.0026 0.0028 0.0031 0.0034 0.0037
20 0.0007 0.0008 0.0009 0.0010 0.0011 0.0012 0.0014 0.0015 0.0017 0.0019
21 0.0003 0.0003 0.0004 0.0004 0.0005 0.0006 0.0006 0.0007 0.0008 0.0009
22 0.0001 0.0001 0.0002 0.0002 0.0002 0.0002 0.0003 0.0003 0.0004 0.0004
23 0.0000 0.0001 0.0001 0.0001 0.0001 0.0001 0.0001 0.0001 0.0002 0.0002
24 0.0000 0.0000 0.0000 0.0000 0.0000 0.0000 0.0000 0.0001 0.0001 0.0001